OBS: adicionar 1 no código (pois começa do 0)
A: 320, 32 = 10, 1
B: 224, 192 = 7, 6
C: 320, 192 = 10, 6
D: 576, 192 = 18, 6
E: 128, 448 = 4, 14
F: 288, 448 = 9, 14
G: 512, 448 = 16, 14
H: 32, 576 = 1, 18
I: 192, 576 = 6, 18
U: 384, 576 = 12, 18

x 0,x 32,x 64,x 96,x 256,x 288,x 416,x 448,x 480,x 512,x 544,x 608,x 640

// if(player.x == 384){
    //     let t = [];
    //     walls.forEach(wall => {
    //         if(wall.y == 192) t.push("x " + wall.x);
    //     });
    //     alert(t);
    //     alert("x " + (player.x + tileSize) + " y " + (player.y - 2))
    //     alert(isWall((player.x + tileSize), (player.y - 2)))
    //     // alert(isWall((player.x + player.speed + 2), player.y))
    // }
    // alert((player.x))

    // var maze = [
    //     [1,1,1,1,1,1,1,1,1,1,1,1,1,1,1,1,1,1,1,1,1],
    //     [1,0,0,0,1,1,0,0,0,0,0,0,0,0,0,1,1,0,0,0,1],
    //     [1,0,0,1,1,1,0,1,1,1,0,1,1,1,0,1,1,0,0,0,1],
    //     [1,0,1,1,1,0,0,0,1,0,0,0,1,0,0,0,1,0,0,0,1],
    //     [1,1,1,1,1,1,0,1,1,1,0,1,1,1,0,1,1,0,0,0,1],
    //     [1,1,1,1,1,0,0,1,1,0,0,0,1,0,0,0,0,0,0,0,1],
    //     [1,1,1,1,0,0,1,1,0,0,1,0,0,1,1,1,0,0,0,0,1],
    //     [1,1,1,0,0,0,1,0,0,0,1,0,0,0,1,1,0,0,0,0,1],
    //     [1,1,0,0,0,0,0,0,0,0,0,0,0,0,0,0,0,0,0,0,1],
    //     [1,0,0,0,0,0,0,0,0,0,0,0,0,0,0,0,0,0,0,0,1],
    //     [1,0,0,0,0,0,0,0,0,0,0,0,0,0,0,0,0,0,0,0,1],
    //     [1,0,0,0,0,0,0,0,0,0,0,0,0,0,0,0,0,0,0,0,1],
    //     [1,0,0,0,0,0,0,0,0,0,0,0,0,0,0,0,0,0,0,0,1],
    //     [1,0,0,0,0,0,0,0,0,0,0,0,0,0,0,0,0,0,0,0,1],
    //     [1,0,0,0,0,0,0,0,0,0,0,0,0,0,0,0,0,0,0,0,1],
    //     [1,0,0,0,0,0,0,0,0,0,0,0,0,0,0,0,0,0,0,0,1],
    //     [1,0,0,0,0,0,0,0,0,0,0,0,0,0,0,0,0,0,0,0,1],
    //     [1,0,0,0,0,0,0,0,0,0,0,0,0,0,0,0,0,0,0,0,1],
    //     [1,0,0,0,0,0,0,0,0,0,0,0,0,0,0,0,0,0,0,0,1],
    //     [1,0,0,0,0,0,0,0,0,0,0,0,0,0,0,0,0,0,0,0,1],
    //     [1,1,1,1,1,1,1,1,1,1,1,1,1,1,1,1,1,1,1,1,1]
    // ];